2597
 9282
 9725
  741
 8387
 4826
 2063
 4603
 6010
 9857
 5376
  241
 2359
 2518
  918
 8115
 1026
 7090
 3216
 7292
 5291
 7611
  353
 9777
 7645
 2122
 1753
 3731
 8837
 2730
 8441
 4759
 6809
    6
 4957
 9068
 3668
 8854
 1436
 2379
 8175
 9114
 8612
 5702
 8199
 3340
 5697
 8673
 1934
 9359
 6678
 8401
 2102
 3819
 8426
  699
 2608
 3506
 7612
 9236
 8977
 9371
 6407
 4924
 2680
  931
 4090
  213
 2603
 8923
  118
 7639
 6168
 2918
 2950
 4354
 3360
 8353
 9683
 1197
 3600
 7685
 4863
 8138
 8992
 2500
 9769
 6041
 2624
 1223
 1274
 5453
 4079
 6729
 9608
 6771
 6887
 4548
 3854
 6604
  946
  351
 5063
 9527
 6182
 8427
  774
 4779
 2419
 6945
 8934
  101
 1290
 7550
 9711
 7556
 3275
 9431
 4151
 6287
 2374
 5949
 2533
 7267
 6664
 1629
 9189
 7250
 1249
 9813
 3194
 5943
 9015
 1127
 9074
 1534
 3170
 8056
 2302
 7821
 7791
 4236
 3830
 4075
 1982
 9991
 6170
 7938
 4867
 1013
 3569
 6996
 9118
 1760
 3061
 7696
 7150
 2992
 8658
 8741
  761
 5883
 8155
 9221
 1945
 6767
 7909
 1803
 8580
  194
 2258
  390
 5517
 5618
 1909
 7857
 9424
 2431
 1914
 2081
  506
 7615
 1218
 5822
  577
 3413
 6533
 4152
  645
 7201
 7489
 3020
 7448
 2466
 6706
 7710
 9349
 7202
 3996
 7189
 1321
 5476
  395
 2255
 2128
  290
 9990
 3505
 6424
 9177
 1142
 5499
  826
 9892
 7538
 1792
 7416
 3625
 2784
 1420
 7397
 7425
 7743
 2586
 2922
 5256
 2577
 7847
 2656
 4742
 9000
 1204
 5092
  712
 9568
 2282
 4192
 1009
 5765
  440
 9719
  862
 1658
 7072
  470
 3538
 1772
 2858
 6640
 5067
 8317
 9022
  431
 6104
 3235
 9453
 9696
 5803
  116
 1768
  193
 6918
  376
 3980
 8253
 8863
 7213
  181
 8761
 6989
  183
 6099
 1584
 7722
 1383
 6633
 5945
 7843
 4781
  188
 1881
  815
 4110
 1424
 5235
 5311
 4437
 9535
 5646
 5985
 7197
 9518
 8306
 8123
 1114
 6121
 2826
 5751
 1126
 6581
 6650
 2975
 3577
 2112
 1113
 1441
 7255
 3282
 1018
 8234
 9624
 6826
 6308
 5731
 6625
 4488
 2298
 9442
 1723
 6019
 4043
 5219
 8768
 3702
 6472
 9185
 3245
 2073
 2674
 1057
 2945
 9297
 9438
 3719
 7985
 3741
 2912
 7091
 3954
 3657
 6255
 2814
 1398
 7917
 8695
 5637
  906
 2023
 3968
 3137
 1563
 2059
 6477
  478
  751
 2888
 7291
 3023
 3307
 5366
 8855
 8397
 1461
  304
 7908
 8564
 5234
 4366
 7221
 4026
 5284
 9294
 4911
 6435
 8575
 8357
 6002
 9644
 7584
 9919
 7608
 8203
 7329
 2718
 4290
 4406
 7343
 6460
 2127
 2418
 2268
 3305
 5929
 8506
   79
 5344
  495
   11
 5098
 9610
 5601
 9573
 9206
 3012
 6146
 5641
 4106
 1483
 8928
 4950
 5150
 2703
 8399
 8396
 5502
 5660
 5692
 4975
 5417
 1986
 5941
 4504
 1777
 4191
 5365
 5430
 4684
 9008
 5205
 7787
 5065
 3622
 6039
 9515
 6165
 9010
 2463
 3831
 9455
 9013
 5901
  771
 4885
 9893
 9900
 5407
 6888
 8957
 7516
  443
 7679
 8164
 8994
 5607
 5862
 9417
 7834
 6482
 8419
   99
 8475
 3904
  949
 1493
 9458
 3324
 7715
 2514
 2906
 6290
 1189
 6746
 3783
 7693
  268
 4502
 4201
 1532
 8922
 6508
 6027
   24
 9731
 5483
 1016
  878
 3406
 6504
 2402
 6213
 3409
 5355
 7994
  313
 4668
 5130
 1998
 8470
 8137
 9029
 2474
 1235
 8906
 3541
 4695
 8896
 2803
 4118
 1081
 2732
 4430
 7585
 7069
 7606
 8147
 8106
 6286
 5188
 2770
 3175
 6187
 5096
  164
 8628
 2260
 9180
 6575
 5933
  209
 1788
 7841
 1488
 7240
  444
 7829
 3157
 5606
 2833
 9159
 5110
 5120
 5729
 2772
 9162
 7269
 6909
 7699
 5026
 4621
   16
 7872
 2557
 3345
 7215
 4551
 1555
 2810
  697
 3973
  280
 8143
 3627
  809
 2178
  473
 9939
 6910
 5902
 1091
 5044
 5700
 3937
 3842
  320
 5451
 5317
 2216
 3888
 3438
 3335
 4087
 7385
 2798
 4378
 7460
 5009
 4015
 3624
 4625
 6428
 2974
 7113
  316
 2241
 1530
 1239
 4845
 5798
 4760
  401
 3554
  127
 7905
 2555
 2293
 3386
 3697
 5892
 2635
 3338
 2766
 5859
 9321
 3730
 6761
 2664
 4174
 9869
 2813
 6913
 4380
 1593
 5202
 3234
 4265
 5509
 3932
 2089
 7217
 5612
 6624
 9120
 8261
  800
  359
 7362
 5596
 9958
 3666
 3851
  484
 3868
 9044
 5944
  460
 9207
 2724
 9302
 5560
 5004
 8302
  979
 6857
 5272
 9613
 9238
 2467
 2645
 3763
 2885
 2013
 3077
 7466
 8267
 5237
 6799
 8067
 4044
 9544
 9060
 4599
 7173
 8102
  402
 3821
 9784
 7302
 2373
 2186
 5701
 8656
  704
 3006
 3931
 3120
 3372
 3814
 3215
  177
 1811
 7198
 8409
 8083
 4635
 5421
 7657
 8125
  170
 3535
 8071
 3104
 4903
 5392
 3251
 8832
 2678
 3365
 8642
  145
 5045
 7753
 8903
 3690
 8233
 9325
 9681
 7532
 7881
 2249
 6979
 9152
 2232
 4045
 8041
 3301
 3114
   91
 3411
  976
 3323
 6327
 8787
 7758
  513
 8970
 3792
 8833
 7007
 7300
 1159
 3435
 8017
 5078
 7130
 7986
 5177
  810
 5887
 5846
 8965
 2034
 8042
 2584
 9569
 5813
 7445
   40
 7437
 5480
  596
 6009
 5972
 4061
 2501
 6586
  881
 7279
 1951
 5371
 6239
 4196
 1177
 2490
 5420
 7941
 6396
 5203
 1878
 4721
 4272
 5278
 4536
 5236
 5666
 4023
  442
  733
 3081
  479
 5241
 4381
 6699
 6075
 7688
 5446
  879
 4815
 5562
 9348
 7618
 4493
 7209
 8369
 1429
 3644
  509
 4633
 1275
 5730
 3782
 1172
 8294
 6794
 3228
 5748
 7765
 6599
 5167
 6930
 5693
 1406
 5921
 1854
  318
 5824
 1078
  428
  934
 5493
  449
 4233
 2940
 7815
 7806
  856
 2927
 9084
 2452
 7373
 4998
 4946
 9449
 3291
 5536
 8113
 5511
 7064
 2903
  920
 8666
 2521
  569
 2976
  501
 9402
 6401
 5165
 3243
  641
  877
 6211
 8852
 9546
 9429
 4453
 2591
 1308
  167
 6890
 1288
  322
 1180
 2963
 4832
 9927
 4142
 5447
 4819
 4904
 7504
 5216
 5179
 1003
  180
 7365
  905
 1990
 8226
 1904
 5277
  235
 3122
 7027
   65
  525
  730
 4606
 2961
  434
 4851
 9393
 5244
 6568
 5472
 6775
 7285
 4485
 6007
 4250
 4581
 2843
 8504
 7219
 6377
 6114
 2345
 3619
 7110
 1462
 4162
 4376
 7513
 2993
 3355
 1709
  528
 9982
 7298
 1320
 9448
 2316
 1258
 6326
 9948
 7620
 3354
 3279
 5497
  585
 1163
 9490
 5225
 6669
 3915
 4027
 7245
 4790
 7525
 1850
 5386
 6585
 7412
 6697
 3717
 4785
  680
 4442
 8493
 7172
 8354
 5197
 6872
 4491
 3208
 9729
 3492
 3667
 7155
 1578
 3858
 8921
 6155
 4204
 2451
 7443
 5585
  419
 4884
 9070
 8078
 1153
 5137
 8516
 4886
 5778
 3760
 7507
 3846
 7920
  551
 8942
 7010
 1407
 9616
 9396
 7120
 6398
 2266
 1504
 1140
 4346
 5338
 7537
 2685
 1615
 8432
 8707
 5520
 8950
 7043
 6643
 2393
 4634
 3773
  456
 8708
 8095
 3651
 1169
 7626
 4678
 9593
 7231
 3197
 3718
 3631
 2286
 4513
 4144
 6506
 2785
 6053
 8812
 8232
   41
  447
  723
 2118
 5894
 6462
 3743
 2314
  701
 6419
 1386
 2308
 4342
 3233
 4010
 1122
 1151
 3801
 3574
 9701
 8038
  206
 7344
 7382
 4732
 9985
 5532
 3613
 1707
   21
 1146
 2649
  111
 1648
 3838
 8473
 5207
 9331
  818
 3326
 7783
 2824
 2836
 5597
 6863
 2348
 2937
 4542
 6492
 2487
 7191
 5867
 2203
 5619
 3536
 8109
 1431
 1831
 9239
 4798
 7871
 8086
 7740
 5500
 6120
 6513
 3376
 7959
 6139
 8055
 6131
 2506
 6626
 5054
 1655
 7384
 6859
 3315
 9161
 4527
 1331
  394
 1623
 8218
 1054
 3771
 6634
 4788
 6987
 6013
 2366
 6306
 7241
  919
 9224
  492
 6012
 6230
 9256
 5783
 4996
 8276
 8796
 5347
 8343
 9168
 5661
 5129
  295
 6034
 5138
 2489
 2788
 4431
 5267
 2529
 5093
 8862
 6202
 2920
  606
 9374
  515
 9757
 5811
 5206
 4694
 7649
 5221
  541
 7770
 7409
 7380
 7157
 4388
 4718
 6858
 1859
 4704
 7883
 7725
 2837
 9611
 5744
 2108
 8270
  913
 8275
 6936
 2032
 4465
 8124
 1943
  921
 9461
 2044
 6976
 5379
 9529
 7236
 1049
 6378
 9987
 7124
  958
 7391
 2167
 6204
 3587
  498
 7063
 3238
 2723
 4155
 3561
 7515
 1722
 6143
 6361
 5832
 1573
 8145
 8724
 7405
 8704
 6824
 7652
 2493
 6132
 4140
 3364
 7868
 1242
 7099
 6451
 7453
 9855
 5114
 5253
 2882
 1509
 1144
 3329
 3262
 5963
 8685
 8763
 8210
 3136
 8611
 2800
 4278
 8447
 3353
 8410
 4973
 7691
 1297
 5224
 9071
 5549
 1012
 7162
 5603
 9676
 4129
  522
 8319
 4720
 5260
 6177
 4060
  514
 4622
 9740
 2611
 7876
 1893
 6212
 3572
  572
 8779
 7177
 2024
 3857
 6841
 3005
 9477
 2351
 6781
 2253
 6906
 4078
 6596
 1710
 1038
 1108
 4291
 9128
 6261
 2867
 3469
 1816
 3379
  724
  948
 4897
 3392
 2254
 2513
 4030
 7543
 5888
 4350
 9112
 5022
 7338
 2335
 1639
 3515
 8101
 6244
 7393
 4640
 4340
 2150
 6025
 8573
 1782
 8993
 5486
 8789
 5752
 5858
  765
 2954
 7910
 7102
 3776
 8189
 5826
 5154
 7946
 8289
  100
  341
 4814
 3048
 5743
 1930
 4985
 1906
  378
 3156
 1412
 9450
 2851
 8255
 4252
 1161
 1498
 9153
 5363
 3362
 1187
 6583
 7335
   17
 9905
 7352
 1890
 6897
  754
 2414
  403
 9564
 5866
 9845
 7563
 2896
 6792
 5162
 2799
  338
 1048
 4559
 5111
 9332
 4848
 2016
 2426
 1731
 5258
 2131
 5140
 4727
 4052
 1360
 8394
 2018
 2140
 9253
 4676
 6986
 4577
 8008
 4069
 2588
 9173
 8842
 5208
 3374
 7782
 9972
 9992
 5962
    9
 3472
 9673
 9200
 1237
 1085
  599
 6423
  869
 5733
  688
  544
 4207
  829
 9686
 7406
 2989
 6507
 1458
 5349
 8554
 9124
 9466
  169
 2979
 5439
 1978
 3628
 4552
 7358
 2804
 2162
  972
 6520
 1352
 9286
 1342
 8281
 2003
 9754
 2280
 9235
 4123
 9737
 6128
 1989
 5884
 2987
 9866
 7717
 9489
 3850
 6638
 1037
 4831
 9350
 3176
 5620
 5699
 3650
 7044
 7499
 4649
 6681
 5354
 5634
 4517
 8069
 2067
 3603
 6224
 2630
 4239
 1449
 7565
 5796
 8746
 4797
 1403
 9868
 8751
 8753
 5756
 8490
 7521
 5968
 3833
 5029
   77
 6111
 4525
 5492
 4065
  744
 6317
 1073
 9699
 3563
 2174
 7464
 2105
 1858
 7712
 7004
 9750
  975
 8550
 5567
 4292
 8511
 8555
 7744
 1783
 3836
 7002
 2459
 5191
 5217
 1206
 1184
  726
 6164
 6409
 6441
 6332
 8100
 3616
 2556
 2058
 6964
 3421
 3802
 6737
 3144
 1715
 7669
  385
 2787
 5668
 9019
   14
 1080
 5889
 5650
 3998
 2234
   42
 3990
 1507
 2838
 7998
 6686
 7407
 9063
 7040
  439
 5102
  236
  571
 3493
  692
 1052
 1268
 8688
 6413
   25
 1246
 7456
 2602
  386
 7887
 9585
 1822
 1222
 1883
  254
 6728
 4412
 4708
  521
 7623
 3942
 1287
 9181
 9220
 1936
 8012
 2336
 5257
  715
 8182
 4120
 5535
 7253
 1665
 9582
 5353
 2259
  758
 9243
 5936
 6088
 9738
 1720
 1896
 5020
 2777
 8603
 1463
 3590
  244
 2856
 7087
 8300
 5856
 2629
  122
 6362
 8602
 8784
 6720
  579
 6067
 6359
 3098
 7768
 8402
 2362
 3107
 1034
 1477
  481
 6540
 9388
 1147
  335
 6922
 7277
 4139
   53
 6447
 5667
 3134
 3446
 4915
 5359
 8805
 4703
 8235
  796
 6404
 4583
 8712
 9979
 7916
 2741
 4866
 5484
 6886
 5621
 8271
  229
 5763
 2958
 1643
 6456
 2346
 5690
 4008
 8149
 9677
 3451
 1522
 6221
 1815
  907
 4259
 6124
 8021
 6774
 3885
 5843
 5024
 9379
 2947
 9479
 5611
 8644
 4683
  994
  942
 7544
 8004
 6806
 1171
 6725
 6742
 4769
 2679
 4855
 6353
 5233
 9551
 7878
 5903
 3109
 3785
 7371
 8442
 1227
 3670
 3943
 8846
 3288
 1059
 4475
 4227
 9886
 8469
 1940
 7864
 6735
 1992
  374
 7480
 3808
 3296
 3522
 6524
 2007
 3707
 9767
 3844
 1363
 8009
 1549
 5228
 3727
 1544
 2424
 1518
 9798
 5746
 1139
 6458
 6572
 7522
 9055
 2052
 9938
 6883
 2228
 1409
 4593
 4709
 7442
 1164
 1824
 2889
 3240
 1942
 7482
 6619
 9840
 1271
 1070
  709
 4200
 7235
   69
  281
 1382
 3972
 1388
  459
 6021
 8744
 2074
 6035
 4787
 1069
 3013
 5053
 8528
 4450
 1728
 3273
 9485
 3560
 8943
 3055
 1399
 9902
 9824
 3034
 3765
 1087
 5084
 3781
 2453
 8711
 3454
 4318
 4767
 4037
  677
 7264
 2124
 1060
 9439
 4802
 6845
 5382
 8135
 3443
   66
  969
 1500
 5470
 1886
 6108
 2027
 7700
 8655
 2964
 9033
 1178
  936
 8700
 4281
 4995
  649
 3252
 3265
 3346
 8907
 6309
 3879
 2179
  600
 9410
 3219
 6163
 2948
 3316
 8582
 2187
 2385
 9609
 7310
 5636
 3797
 8408
 7026
 1273
 4135
  903
 6106
 7780
 6463
   72
 9094
 6488
 7294
 7842
 3220
 6455
 7761
 6252
 5989
 7119
 6210
 1517
 3387
 2614
 4913
 1370
 7794
 5464
 7861
 9584
 4446
 7208
 3149
 6198
 5830
 9999
 3566
 8786
 4772
 2868
 1361
 3878
 3881
 9885
 5794
 9157
  301
 7676
 5372
 4520
  780
10000
 6260
 5445
 4852
 3759
 6459
 7885
 2269
 4021
 6733
 1077
 9940
 5818
 7968
 8780
 4092
 6432
 3778
 9833
  421
 5490
 8991
 7116
 7436
 8870
 4878
 9255
 4391
 3772
 8230
 7830
 8526
 6608
 2230
 6727
 8495
 9293
 9258
 2294
 4901
 3706
 3894
 5956
 9843
 2857
 5771
 6687
 7222
 8515
 8297
 5204
 5298
 4529
 9465
 9944
  576
 1154
 1745
 7931
 9407
 2762
 8059
 4056
 3383
 6592
 7321
 7893
 7638
 2212
 7154
 2114
 6854
 1997
 1220
 3226
 6319
 5434
 6070
 2820
 7288
 5427
 9389
 8802
 2701
 2941
 6313
 1743
 6931
 2400
 7447
 3119
 1212
 2936
  817
  703
 4300
 2189
  739
 7203
 4245
 3450
 6366
 5121
  911
 6295
  871
 3570
 2434
  637
 2990
 8197
 7431
 5911
 3766
 8794
 1673
 7973
 1228
 9512
 2531
 6880
 4916
 1903
 5658
 7479
 5415
 6426
 1876
 2897
 9469
 7334
 4758
 8972
 7785
 9078
 3643
 8448
 2576
 5761
 7259
 6637
 2343
 7151
 3575
 2742
 8403
  309
 3880
  382
 5891
  812
 1752
 7573
 8024
 2099
 5642
 9630
 2736
 6963
 5769
 6382
  562
 5969
 5461
 6934
  978
  367
 5868
  457
 8284
 9408
 7022
 2264
 5639
  561
 1536
 4730
 3186
 8148
  832
 2677
 6386
 5013
 1267
 2515
 5551
 7850
 8198
 3325
 1696
 6832
 8365
 4124
 1213
 8750
 4215
 7991
 9586
 8668
  326
 8328
 8925
 6556
 4571
  549
 5976
 9400
 4550
 8886
 6399
 4320
 9088
 2637
 4221
 1062
 6545
 9955
 8418
 3966
 4073
 1516
 8043
 7419
 9193
 8691
 3056
 5090
 4750
 1092
 9109
 1813
 2037
  722
 8557
 6046
 8817
 8840
 6175
 6943
 7599
 1045
 5572
 8121
 9550
 7813
 7487
 1577
 5994
 5113
 4310
 7452
 1941
 9145
 4964
 4384
 1699
 3578
 4976
 8675
 8916
 6902
 3767
 2324
 4662
 3562
 3696
 3127
   27
 4596
 8929
 3970
  970
 2388
  893
 6530
 8423
 6803
 9172
 2894
 3903
 1849
 7877
 4519
 4047
 9705
 9709
 5780
 4777
 3333
 8834
 3371
 2707
 9196
  997
  732
 9146
 4373
 3758
 5523
 1328
 8081
 1286
 1757
 7514
 9065
 9270
 9680
 3206
 6612
 8166
 5747
 3661
  590
 7575
 7957
 5539
   47
 6582
 7633
 9202
 3992
 9732
 6336
 2697
 1606
 5834
  340
 4892
 3464
 2626
 3449
  342
 2809
 2853
 7185
 6798
 7136
 3129
  324
  491
 5107
 9839
 3847
 8326
  383
  769
  927
 4331
 3698
 7476
 7348
 4530
 2364
 5782
 7325
 8662
 4627
 4954
 1111
 3752
 4618
 9549
 6185
 3236
 7568
 4285
 9752
 6405
 4349
 1602
 5682
 6040
  687
  110
 8087
 8278
 1193
  518
 1301
 8216
 4361
 2031
 1110
 8073
 8036
 8420
 6816
  604
 8583
 5331
 7199
 5223
 9882
 6196
 5282
 3649
 7204
 6970
  874
 4875
  578
 6602
  643
 6276
  986
 2898
 3328
 5879
 6082
 5519
 2416
 5125
 9953
 1323
 8900
 7169
 2061
  476
 1226
 8338
 5041
 9052
 5971
 1588
 2817
  558
 9081
 5320
 4636
  436
 9194
 7548
 7984
 3494
 2159
 4099
 2960
 4642
 7869
 9668
 8388
 9563
 6663
 2000
 6675
 8177
 5023
 1781
 2221
 8350
 3474
  668
 9588
 3693
 7368
 8541
 6476
 3545
 9847
 2332
 6485
 7605
   19
 2756
 4031
 5005
 6439
 6376
 9300
 3260
 9832
 6523
 8689
 9169
 3726
  987
 5135
 1538
 2776
 9590
 9536
 6314
 1191
 3925
 9341
 5721
 2204
 1411
 2731
 5452
 8379
 2300
  197
 6718
 5932
 3553
   83
 2572
 4277
 1262
 1165
 5587
 6367
 5243
 4209
 9086
 8560
 7816
 8822
 4809
 7295
 6812
 6479
 5507
 2328
 9423
 7592
 7428
 2862
  644
 5776
 4329
 9818
 1137
 7939
 4645
  379
  189
 4202
  770
 4685
 7477
 1086
 6654
 3470
 4029
 7312
 2930
 8955
 9098
 6393
 9122
 1343
  682
 3227
 3287
 5505
 2442
 4382
 8820
   78
 6344
 2285
 2905
 2340
 7555
  943
 3424
 5089
 3740
 7070
 2994
 1975
 5848
 4280
 7180
 7668
  795
 9279
 7978
 3264
 6493
 1947
 6093
 1234
 6214
 8623
 9017
 7340
 9937
 4157
 6262
 9817
 1472
 5610
 8146
 1609
 9039
 6316
 3840
 7890
 3248
 7680
  175
 3835
 6715
 1677
 7228
 9336
 1800
 9864
 5671
 8807
 4062
 9841
 4970
 2512
 3217
 4438
 6882
 8536
 5076
 9553
  232
 1970
 1347
 2378
 3242
 3543
  690
 5681
 2194
 2623
  103
 6518
  217
 2313
 5072
 7326
  614
 3195
 3487
 8719
 7593
 3078
 3448
 7956
 7232
 1834
 8530
 8643
 2277
 1244
 5825
 7379
 8244
 8457
 2641
 7595
 4612
 3986
 7760
 4480
  255
 8835
 3024
 4540
 7810
 3241
 8479
  912
 3015
 8280
 2304
 2384
 2763
 4568
 2408
 3682
 4528
 5042
 5569
 6680
 6430
 2399
 7664
 6044
 2033
 3889
 4900
 4022
 1814
 1817
 2161
 4687
 4925
 8002
 4773
 1158
 2977
 2068
 5402
 1614
 9688
 7190
 5914
 7530
 5136
 6670
 9252
  866
 2998
 9655
  803
 9890
 2666
 4937
 6811
 4674
  775
 1574
 1717
 1252
 6695
 7234
 2781
 6249
 4229
 1678
 3580
 3960
 8792
 1422
  681
 5456
 5952
 9167
 3770
 8007
 2030
 2164
 8764
 2834
 5581
 8472
 1809
 2502
 9923
 1434
 4619
 8063
 7653
 9966
 4523
 2534
  928
 4414
 5755
 9739
 2422
  124
 8639
  821
 1471
 1891
 9820
 1652
 1638
 7719
  580
 6015
  822
 9493
 2165
 4208
   35
 3410
 6911
 8890
 3974
 7747
 9474
 9936
 8458
 1681
 5841
 6532
 9856
 7074
 3399
 4400
 5248
 2540
 3007
 4429
 3368
 1682
 5685
 9797
 9472
 4228
 8327
 5077
 7840
 6550
 3823
  345
 9716
 7718
 9913
 1316
 9932
 5401
 1856
  396
 7518
 9478
  536
  200
 6778
 9143
 8295
  520
 5583
 5713
 6278
 2564
 9815
 9541
 9504
 7966
 8911
 7708
  720
 6055
 5374
 5797
 2550
 8810
 8454
 6431
  767
 8618
 2668
 1231
 9587
 6968
 2380
 3530
 3367
 1763
 9398
 8049
 1028
 7497
 3116
 9669
 7602
 2600
 1443
  408
 9011
 9320
 1535
 8887
 7308
 9975
 2353
 9242
 8848
  131
 2256
 1281
 3537
 1806
 2306
 7470
 4570
 9343
 3027
  629
 1656
 3849
 1688
 1838
 3171
 1632
 2010
 9625
  791
  160
 9695
 1102
  772
   59
 8243
 5377
  915
 7061
 9967
  350
 7995
 5032
  234
 7951
 5655
 7921
 9888
 3594
 9592
 5488
 7511
 4014
 4595
  250
 4370
 1687
  381
 7019
 4194
 6234
  707
 7394
 9744
 4461
 5528
 2137
 4351
 9190
 4071
  361
 4524
 4588
 8679
 8434
 3332
 5817
 2349
 6745
 7713
 5467
 2495
 1852
 6651
 9002
 9030
 2338
 8615
 2482
 2090
 5200
 6461
 6062
 1225
 4089
 4680
 6449
 5159
 3581
   94
 7824
 3939
 6622
 7248
 3042
 6438
 5287
 7899
 2152
  967
 7306
 5550
 5644
 3430
 8510
 9284
 2278
  598
 8025
 6183
 3884
 9404
 4846
 9265
 2631
 6365
 2839
 8635
 6381
  960
 2643
 1704
 1487
 2276
 6719
 5485
 1156
 5171
 4789
 4261
 1960
 8324
  747
 7614
 4435
 9844
 5345
 2952
 9851
 7012
  334
  307
 6400
   23
 7170
 7083
 8831
 4074
 8856
  448
 9657
 6208
 1793
 1751
 5991
 7895
 9557
 6054
 8816
 3420
 9142
 9651
  890
 6484
 1994
 1884
 5246
 2133
 8060
 8941
 9131
  511
 9380
 7181
 4514
  961
 4816
 9308
 9984
  532
 2575
 4413
 8142
 7635
 5512
 9377
 4630
 9687
 7369
 1455
 8682
 9980
  925
 9895
 4737
 3065
 5378
 2139
 2185
 2444
 4279
  211
 7492
 8876
   30
 1250
 2864
 2381
 3839
 2236
 6916
 4253
 5281
 4451
 6839
  745
 2198
 4403
 3477
 9822
 4891
 8287
 1437
 2988
 3336
 3103
 6028
 9483
 9751
 3135
 1542
 2151
 6657
 8459
 6468
 5489
 8361
 8562
 2568
 4749
 5664
 5678
 8508
 2733
 1448
 1349
 3087
  328
 1115
 3074
 2879
 3820
 3250
 4353
 3539
 5592
 4121
 5336
 3046
 2538
 5475
   67
 5905
 5964
 8699
 1996
 5294
 1594
 9201
 9171
 9355
 3140
  957
 1550
 9428
 2593
 9660
 3736
 1569
 2473
 6060
 3418
 2014
 9440
 6835
 5326
 3582
 7974
 9734
 2863
 2101
 1672
 2956
 5100
 7068
 1005
 9971
  282
 1032
 7260
 7021
 9268
 1630
 4158
 3519
 3400
 3593
  854
 7681
 7786
 1053
 2383
 2811
 5395
 9156
  510
  776
 7194
 9042
 4984
 9186
   88
 1088
   12
 2215
 1511
 9899
 4254
 1580
 9174
 6369
 8225
 1103
  698
 1581
 8340
 8183
 7936
 8351
 1182
 6997
 9498
 8023
 3016
 7818
 7330
   46
 7396
 9675
 7860
 2640
 9710
 2875
 7702
 2469
 7463
 5176
 1857
 4127
 2693
 5398
 8775
 1585
 7495
 1307
 4284
 5330
 2711
 6631
 4216
 4706
  847
 8873
 1293
 4601
 7374
  487
 4506
 6322
 4218
 8546
 1653
 5104
 4399
 5850
 4935
 5443
 8725
 8826
 3532
 8617
 4547
 5316
 4167
 5283
 1240
 5791
 2655
 7025
 3113
  738
 8630
 8484
 6901
 3863
 8000
 1296
 2363
 2450
 8549
 5770
 5455
 8745
 1482
 7644
 2609
 9889
 7342
 9614
 3896
  496
 6374
 9589
 6648
 7732
  750
 6500
 8736
 1844
  136
 1014
 4046
 5034
  753
 5245
 6597
 5160
 3528
 6045
 8200
 2708
 7554
  618
 6793
 7925
 7278
 8016
 6536
 7812
 4898
 1221
  898
  766
 9354
 7892
 1391
 5675
 5694
 1724
 1572
 5060
  134
 8720
 7055
 4335
 4977
  192
 5362
 6142
 8813
 7992
 6736
 4991
 2563
 5912
 3712
  185
 9342
 7148
 8624
 6525
 2261
 5593
 7944
 3549
 7005
 1764
 1962
 9276
 8223
 3809
 8594
 9136
  261
 4690
  455
  811
 4159
 7106
 5339
 9910
 2559
 9714
 6708
 6636
 9203
 2840
 4276
 8769
 2519
 7013
 2846
 6465
 1739
 6017
 3489
 8047
 1501
 3540
 5717
 7714
 2636
 3711
 8309
 4168
 2705
 6245
 4186
 9706
 1019
 2986
 1587
  784
 8481
 8571
 7588
 9602
 5495
 4244
 4722
 3196
 5870
 3647
 5874
 6445
 2881
 9104
 6939
 6160
   43
 4974
 2702
  655
 2201
 1657
 1105
 3049
 1659
 9659
 4165
 4355
 5418
 9697
 3811
 5333
 4876
 9514
 2740
 4869
 7721
 8466
 6186
 4573
 7127
 5482
  963
 8723
  227
 5880
 6566
 8456
 2675
  221
 7161
 9682
   98
 3313
 1740
 5293
 3495
 5263
 2819
 6193
 1521
 6014
 3209
 9492
 3397
 2737
 6117
 6662
 2465
 3298
 4341
 9418
  291
 5996
  333
 4945
 1173
 5471
 2245
 9274
 3423
 3979
 3688
 7426
 7672
  884
 7846
 2859
 7827
 5156
 3503
 7146
 3091
 1976
 3994
  799
 6589
 9259
 6135
 4660
 4481
 5802
  237
 7017
 8037
 7247
 8108
 3542
 2861
 8716
 9009
 3565
 5016
 6383
 4402
 9216
 8345
  332
 5350
  407
 6831
 9006
 6546
 8871
 9792
 5724
 2226
 8853
 9212
 3800
 1061
 7901
 4333
 5403
 8930
 8703
  305
 9921
 6701
 5719
  373
 1821
 9505
 2587
 9296
 3948
 7988
 8982
 1302
 2235
 4477
 7156
 2959
 1270
  550
 6538
 4337
 6215
 5975
 7629
 6560
 8262
 6318
 8588
 8118
 1557
 2758
  734
 4657
 7788
 8114
 5396
 5105
  152
 2751
 6371
 7508
 4289
 9619
 5629
 6499
 7947
 7473
 1546
 8389
 6557
 7971
 5677
 6707
  785
 3059
 6864
 5124
 3914
 8181
 1512
 8040
 2690
  265
 3636
 3963
 4516
 8301
 4801
 2966
 5006
 8548
 4757
 8464
 7375
 8860
 4539
 3350
 1485
 3153
 4423
 4307
 4427
 3177
 3687
 1499
 1056
 2310
 1564
 8620
 1341
 9130
 6522
 5805
 6698
 3218
 2511
 5527
 1848
 2983
 2457
 3283
 4231
 8170
 9480
 9791
 7147
 8793
  526
 1786
 1272
 6942
 1868
 7166
 8415
 6603
 4620
 8044
 2040
 9467
 6109
 6679
  414
 3559
 6251
 4364
 2634
 9995
 3327
 6042
 3841
 1603
 8825
 1808
 3142
 3912
 7216
 8586
 9058
 5172
 1869
 2545
 4484
 1769
 6037
 7383
 3877
 9599
 9649
 2292
 6894
  128
 1358
 4053
 4070
  272
 3689
 5506
 6984
  964
 7831
 3390
  310
 7854
 8600
 5898
 3405
 6033
  790
 9075
 7571
 3815
 2094
 4405
 2721
 3483
 7594
 4409
 1157
 7963
  840
 5142
 7578
  121
 4849
 3723
 7427
 5116
 4560
 1747
  858
 8377
  230
  696
 5951
 2543
 4457
 2477
 9305
 9403
 2886
 9365
 3930
 9878
 9051
 9456
  226
 6223
 4035
 7142
 4494
 8034
   95
 6610
  253
 9012
 9275
 3700
   44
  494
 4522
 1624
 4656
 3062
 1344
 6415
 6898
 6693
 6515
 6133
 9298
 3606
 4185
 5161
 7983
 5066
 3321
 8616
 1079
  276
 8174
 6490
 9106
 9887
 6149
 9038
 9041
 5687
 9735
 7933
  489
 1864
 6881
 6036
  224
 8926
 8713
 9768
 1255
 8483
 4959
  537
 5384
  158
 8487
  468
 4825
 5953
 2910
 1259
 7034
 9612
 8122
 5895
 7238
 2638
  130
 5183
 2791
 5781
 2552
 4537
 2352
 1330
 4906
 6844
  827
 7432
 1812
 5388
 7982
 9915
 1427
 1907
 6305
 3887
 9907
 5995
 2180
 6607
 8733
 3951
 5168
 3070
 5265
 2744
 2710
 1973
 3167
 7777
 5766
 9941
 9774
 2553
 7035
 9229
 6101
 5823
 8989
 5546
 3426
 9053
 6576
 7163
 4365
 9883
 8107
 1919
 8676
 6167
 5309
 1592
 6229
 5987
 5742
 5459
 6126
 9926
 3174
 1547
 5998
 2263
 1194
 3204
 2828
 7823
 6587
 2778
 4101
 5313
 9880
  552
 3673
 8400
 3630
 6822
 6358
 7003
 1188
 4969
 3988
 3817
 4839
 1438
 8892
 7051
 1423
 4006
 9664
 6692
 8359
 6615
 3125
 8098
 1195
 8214
  283
 3334
 9488
 8539
 8544
 9671
 5030
 8778
 5332
 1336
 2244
 6847
 6300
 3293
  162
 2136
 1404
 7441
 9370
 4859
 3309
 6178
  413
 8222
 6282
 7299
 3343
 1744
 6495
 8450
 8529
 7940
  240
 5215
 4609
 7598
 3654
 3152
 9020
 8881
 7528
 4918
 5777
 9722
 2403
 1610
 3708
  432
 4877
 3388
 9346
 1390
 8127
 4102
 7535
 6153
 2113
 1741
 9072
 9127
 6333
 2038
 9261
   73
  126
 3076
 6563
 6473
 8305
 2297
 9164
 3829
 8413
 6764
 2021
 9288
  242
 1387
 4938
 5726
 5643
 6783
 7286
 5909
 7224
  792
 8514
 6066
 2168
 8527
 8158
 1040
 6238
 3656
 7158
 4556
 2505
 2830
 3799
 2551
 3893
 4748
 6058
 6020
 6869
 1905
 8772
 9548
 1649
 2135
 6595
 8082
 2753
 2696
 9251
 7900
 4298
 9430
 3146
 5872
 2578
  937
 4187
 1933
 4774
 3306
 8263
 6635
 1489
  311
 4518
 6616
 8363
 3092
   97
 3944
 4301
 5361
 3089
 4247
 7567
 9014
 5460
 7804
 6645
 9943
 8250
 7265
 6325
 3975
 9326
 3699
 7008
  286
 2427
 6892
 1359
 4578
 5800
 6091
 2116
 8260
 6505
  863
   29
 3358
 1468
 7781
 6994
 9307
 5250
 7586
 3205
 1447
 9598
 8390
 4269
 6414
 4592
 1318
  409
 5631
 8325
 4379
 3946
 7229
 8609
 2754
 1931
  639
 9390
 4800
 4080
 1138
 1633
 1746
 7665
 4452
 5589
 6542
  902
 1350
  364
 6711
 3427
 6220
  564
 6534
 9650
 5775
 5568
 9747
 3138
 9607
  285
 7309
 2895
 8739
  622
 2331
 4589
 6219
 1730
 5931
 4483
 1175
 2520
 3213
 8904
 7417
  298
 1871
 3872
 2726
 6225
  172
 3589
 4146
 2832
 5948
 9829
 2413
 6418
 9811
 1667
 5580
 1132
 9367
 9230
 2119
 4936
 5982
 8010
 2206
 5977
 6899
 2091
 3524
 1042
 7510
 4574
 2207
 9004
   55
 2909
 4632
 8272
 3352
 2320
 8951
 7449
 6084
 8151
 5654
 4526
 4163
 3953
 9540
 5548
 4807
 6254
  582
 6452
 2510
 8732
 3224
 5419
 9704
 7927
 3028
 6195
 4147
 6267
 4716
 6714
  908
 9319
 8670
 8254
 8777
 3128
 2051
 8425
 9617
 7171
 9672
 4205
 9021
 7767
 4591
 8336
 8868
 6347
 3546
 6829
 1464
 1444
 5425
 4907
 5552
 1902
 8958
 9950
  861
 8592
 8944
 2852
 5441
  711
 7800
 7904
 7239
 3133
 9965
 1804
 7149
 7472
 8771
 9526
 7024
 6787
 1568
    3
 2012
 7351
 9771
 6081
 5920
 5057
 1617
  263
 3615
 4496
  651
 1135
 8687
 3677
 7505
 6995
  982
 1211
 1582
  646
 8895
 9382
 3223
 6722
 2327
 6498
 4614
 3788
 9415
 3611
 8224
 7458
 8535
 9057
 8065
 1473
 9310
  533
 5290
 7176
 1686
 6944
 7773
 7627
 4987
   64
 9046
 3571
 3875
  746
 2303
 2322
 1979
 8927
 8153
 8697
 9730
 9234
 3876
  349
 6064
 8671
 2610
 6579
 1036
  786
 2802
 5190
 8686
 1469
 5740
 6056
 2633
 5423
 8875
 1766
  415
 4273
 4624
 3060
 2727
 2665
 5031
 9148
 7242
 2491
 4840
 7082
 1519
 2083
  147
 3192
 8030
 3347
 5999
 9530
  176
 6769
 9805
 8543
 3008
 6425
 5151
 8757
  990
  149
 6559
 3612
  319
 8028
 6702
 3659
 9816
 3852
 9572
 6057
 2999
 6691
 9977
 2312
 4325
 2691
 1241
 6228
 3054
 4765
 5416
 7392
 8239
 4495
 1680
 5812
 8542
 7622
 9641
 9693
 7341
 8815
 8072
  828
 7188
 6758
 2599
 3123
 7387
 1160
 9947
  482
 1910
 2891
   89
 8545
 2662
 1474
 1879
  182
 2902
 3548
 9103
 8522
 3870
 6199
 2317
 4783
 2996
 9100
 6440
 8507
 6842
 6937
  146
 8205
 5853
 7960
 8738
 7276
 4887
 1148
 8767
 7694
  343
 1198
 6147
 5521
 8331
  531
 4841
 3520
 6073
 5673
 4137
 4246
 6562
 7085
 4395
 5001
 3117
 9110
 1300
 2935
 8213
 5081
 8061
 9749
 3967
 9691
 3780
 4608
 4001
 5772
 7906
 5251
 2835
 4232
 7273
 7875
 6838
 3160
 3268
 1506
 6766
 8314
 5844
 3913
 2458
 4352
 7911
 5531
 8559
 4243
 5220
 2062
 8649
 2071
 2822
 4827
 9914
 1152
 3981
 6112
 3751
 5387
  366
 2767
 2357
 3341
 3225
 3510
 5997
 3710
  926
 1805
  168
 1913
 4347
  885
 7932
 2069
 9666
 7084
 6862
 8631
   93
 9720
 7603
 8814
 9211
 4926
 2347
 1396
 7792
 2445
 3834
 5749
  819
 9446
 4677
 5938
 4145
 7839
 3605
 6721
 6912
 4012
 1756
 2625
 4260
 8752
 3274
 1366
 6137
 5819
 7165
  727
 7418
 6840
 4000
 1692
 1006
 2009
 2227
 9789
 6919
 8897
 6704
 4303
 9312
 4478
 4262
 4486
  560
 8858
 4821
 9509
 8701
  760
 4697
 5126
 3910
 3874
 9187
 2917
  867
 5310
  471
 9632
 6433
 8821
 3978
 5082
 3634
 8590
 9603
 8337
 8981
 4134
  474
 3143
 3662
 9539
 8079
 4778
 3906
 2154
 8167
 1595
 1575
 7423
 3069
 2749
 3292
 7953
 3318
  710
 1554
 6181
 4042
 9335
  768
 1545
 7067
  999
 6889
 4854
 5712
 9344
 7736
  555
 8221
 4455
 2719
 4710
 7118
  566
 2525
 9640
  159
 4700
 6629
 4755
 1967
 3596
  469
 9069
 5508
 9077
 5240
 9001
  545
  321
 2295
 3356
 5007
 4497
 2618
 1853
 9394
  312
 7486
 3025
 9787
 9636
 3641
 6006
 2722
 5408
 7501
 5335
   10
 2153
 3173
 3380
 8334
 2764
 7711
 4032
 9387
 3181
 8380
 1651
 8062
 1627
 3845
 3756
 8204
 5360
 8144
  490
 3378
 5561
 7862
 1926
 4473
 5924
 6512
 6263
 6144
 5478
 4173
 7496
 8206
 5329
 6843
 8436
 1635
 1345
 9351
 8080
 2739
 4510
 2874
 5301
 9291
 6297
 4428
 3859
 7902
 5431
 3455
 2590
  420
 3742
 1641
 9728
 5529
  559
 1200
 3938
 2360
 3036
  500
 7182
 5869
 9360
 1305
 8627
 6658
  823
 8828
  144
 2717
 7031
 2158
 4663
 4637
 6924
  365
 9303
 2125
 1553
 6118
 4966
 9005
 8880
    7
   20
 9741
 5935
 9079
 7779
 6094
 3485
 3187
 3094
 5754
 8465
 2423
 9340
 1131
 5651
 3848
  505
  583
 9210
 9622
 7856
 3602
 4172
 7774
 4108
 4681
  523
 3865
 8231
 7290
 1579
 1908
 3384
 9217
 7498
 2479
 9662
 6789
 4605
 8248
 8375
 5175
 3038
 3855
 8476
 3779
 4407
 9205
 2869
 7502
 5720
 4040
  708
  848
 8075
 1129
 8966
 5292
 6503
 9401
 1855
 9989
 3072
 4390
 4166
 5745
 5689
 5115
 2970
 5978
 5048
 3473
 8480
  166
 8809
  389
 9707
  186
 4664
 1713
 2569
 9783
 4091
 8791
  652
 5653
 7858
 8266
 8980
 4179
 2182
 2972
 1024
 2087
 7569
 3526
 9285
  763
 9642
 7135
 3041
 1570
 2289
 4222
 2792
 9957
 1339
 4214
  901
 2706
  246
 7314
  486
 9808
  120
 6243
  873
 4424
 7057
 9144
 6140
 5600
 1663
 6823
 5638
 3002
 7808
 3433
 1999
 8322
 4195
 1861
 6760
 9141
 1450
 3927
 7145
 2946
 6981
 1071
 8045
 6868
 9903
 2488
  275
 8785
 2341
 9149
 8247
 4604
  423
 9942
 3864
 9254
 6788
 3079
 8312
 6335
 7609
 1125
 7114
 3029
 7637
 3478
  292
 3456
 2238
 1981
 4922
 9849
 9594
 4933
 3757
 8973
 7075
 1559
 4896
  262
 2887
 9912
 6684
 5440
 1277
 9163
 6288
 8449
 9366
  348
 7410
 3862
 5876
 3891
 9066
 7054
 7451
 3714
 5588
 4994
 5112
  789
 4661
 4420
 7345
 7066
 4336
 6355
 1385
  684
 2078
 4743
 2944
 5049
 7143
 4286
 5465
 4314
 8355
 2759
 1552
 8463
 4763
 3444
 8912
 4558
 7411
 4535
 2240
 9244
 5295
 1576
 1306
 8452
 4564
 1923
 5157
 2812
 2079
  553
 2096
 4132
 3253
 9368
 7093
 4005
 9788
 3648
 4650
 5306
 3947
  859
 7446
   54
 3824
   63
 9626
 6205
 5106
 2272
 6218
 6617
 6814
 1480
 1084
 6394
 5262
 9115
 7928
  267
 3725
 1291
  247
 9595
  565
 1379
 8599
 6977
 3496
 4702
 7318
 8652
 4638
 3704
 7934
 6491
 4054
 7415
 3793
 8096
  716
 9906
  602
 9427
 2616
 8783
 9579
 1666
 8395
 2315
 3663
 4100
  450
 4512
 9962
 9501
 2928
 1810
 7274
  336
 9090
 4735
 3533
 6179
 1847
 4115
 9178
 9314
 2390
 6673
 3009
 1776
 5340
 6016
 7863
 4951
 5229
 6952
 6694
 9828
 2358
 1492
  424
 2653
 8133
 5864
 9933
 5380
  380
 1664
 7695
 3211
 7667
 3045
 5696
 4034
 6885
 2356
 3124
 5498
 4363
 3828
 6450
  593
 5047
 8874
 2299
 2997
 2301
 3504
 5627
 7524
 7789
 7200
 1418
  410
 1708
  998
 8393
 1851
 3297
 1543
 4398
 9155
 8134
 6895
  965
 6475
 2765
 6434
 5860
 9795
  451
 5574
 8159
 7547
 1442
 4306
 3500
 1619
 9698
 2447
 1408
 5623
 5925
 4667
 7462
 9647
 9092
 6668
 3414
 1860
 2793
 3660
 9328
 1953
 3716
 1309
 7577
 6796
 9954
 3461
 3588
 4879
 5786
 8521
 7079
 5368
 5659
 8759
 4553
 5767
 6828
 7434
 8130
 2085
 2849
 1440
 9267
 3827
 8084
 6157
 3777
 7757
 5906
 1880
 2657
  895
 4338
 7210
 4639
 7742
 7355
  400
  672
 1116
 7307
 2066
 3254
 4358
 7327
 8383
  935
 5288
 4567
 5871
 2684
 3385
 9375
 2273
 5614
 5739
 8269
 8162
 1839
 6061
 2924
 9785
 9059
 5518
 9779
  485
 6588
 6860
 8193
 2398
 3941
 7098
  674
 1076
 2391
 2866
 4094
 1828
 5276
 1823
 1112
 7390
 7673
 6717
 9147
 4746
 8819
 6846
 5145
 6526
 3692
 4890
 7296
 9018
 4929
 8471
 3729
 3964
 9917
 6573
 9969
 1298
 8969
 4673
 4267
 8756
 4304
 5979
 2415
  337
 3568
 9525
 4041
 4161
 6928
 6528
 6521
 5810
 2579
 6052
 3750
 9679
 8626
 1490
 7597
  452
 2725
 1310
 7468
 1674
 7851
 6279
 4541
 4853
 7243
 5578
 4508
 4326
 5182
 2169
 2471
 1368
 4048
 1494
 9151
 9364
 7903
 7943
 3599
 4411
 3481
 6821
 1963
 4893
  249
 3971
 3073
 2407
 7553
 2782
 6690
 9475
 1964
 6661
  841
 7807
 3200
 6605
 8347
 2222
 2796
 9946
 1917
  679
 4033
 9113
 6666
 6346
 2233
 2110
 7493
 2542
 5525
 1845
 1837
  853
 7919
 9894
 2344
 7634
 6947
 3501
 9369
 3671
 4713
 6628
 2827
 2229
 9807
 3004
 4128
 2648
 1046
  397
 3014
 7656
 4811
 4271
 1742
 6172
 8316
   90
 5367
 4739
 6969
 6752
  685
 6961
 4169
 6089
 1356
 8963
  988
 8104
 8857
 1701
 9960
 5435
 8961
 4368
 7192
 8374
 1238
 2437
 8952
 2699
 1654
  944
 5328
 5254
 2214
 3310
 3691
 1292
 1141
 9295
 1863
 4323
 4113
 4489
 2271
 5965
 3407
 1247
 5269
 3918
  985
 9949
 4812
 9338
  539
 9835
 2773
 9219
  171
  603
 7006
 1647
 9652
 3285
  657
 3308
 7659
  391
 9877
 2951
 8505
 7686
 6048
 7566
 2547
 7729
 9809
 2192
 1683
  929
 2330
 3083
 8088
 6008
 7775
 8051
 8898
 3064
 8800
 7141
 8731
 2580
 3019
 2047
 2712
 3665
 5375
 7997
 7481
 7261
 2397
 4613
 6819
 4105
 8310
 5501
  640
 6348
 8811
  493
 7195
 7576
 2217
 6962
 1548
 9846
 4051
 4225
   70
 6537
 4881
 1820
 7570
 4740
  777
 6047
 9759
 2715
 5556
 8330
 5604
 9753
 5672
 1636
 4210
 6352
 8637
 8984
 7287
 8139
 8839
 7549
 1761
 1120
 2562
 1983
 6001
 7674
 4130
 4386
 4311
 1457
 7882
 3230
 5615
 4339
 4049
 1023
 5959
 3294
 9170
 7624
 3222
 6038
 1460
  633
 6759
    8
  178
 5937
 3976
 7262
 4150
 4417
 4805
 9801
 3564
 7366
 3462
 1558
  962
 4223
 4097
 6877
  914
 1389
 9347
 3202
 7036
 9290
 5304
 4059
 5158
 5327
 5753
 3361
 8946
 9277
 2370
 3075
 8596
 5085
 5035
 9437
 4282
 4726
 6107
 1284
 4738
 2743
 2246
 1705
 1162
 2939
 1925
 3172
 6763
 6786
 7509
 7353
 8574
 2720
 8307
 9561
 5308
 9931
 5698
 7401
 4920
 7364
 5189
 5178
 4799
 5187
 2558
 8556
 3579
 3295
  387
 5919
 7257
 3890
 3552
 2045
 4728
 1515
 6483
 6517
 2170
 8561
 3608
 9025
 8847
 7848
 2350
 4270
 7607
 5833
 8186
 3284
 1754
 7052
  425
 4862
 6343
 6564
 4999
 5809
 6966
 5714
 1426
 6724
 7630
 1784
 4978
 7613
 3457
 3467
 9464
 8405
 7745
 1725
 1143
 6436
 3289
 8444
 7776
 5575
 6744
 1215
 3437
 2508
 8968
 7444
 3047
 1984
 1927
  838
 8608
 7465
 4178
 2323
 1607
 2794
 9228
 5706
 7897
 1230
 4183
 9289
 8169
 4057
 8491
 1033
 7884
 2143
 7420
 7682
 9463
 9209
 5515
 3458
 7038
 5231
 3032
 6591
 4611
 9605
 4004
 8878
 5656
  114
 3958
 8461
 9184
 2607
 1770
  568
 2287
 7137
 3826
 5513
  798
 5686
 7692
  752
 2698
 4679
 1750
 5760
 6674
 3886
 6201
 8366
 2646
 4563
 7836
 9047
  567
 5212
 5635
 6554
 3026
 7475
 9961
 3585
 5155
 5040
 3518
 7660
 8006
 1877
  245
 7503
 4447
 1567
 8581
  831
 1661
 5389
 5789
 3366
  973
 8758
 7866
 8537
 3320
 1325
 1413
 3813
 4211
 1289
 1043
 9871
 2329
 2933
 1866
 4745
 5558
 9638
 9278
 9852
  736
 2188
 7647
  971
 7089
  534
 3300
 1338
 1888
 8431
 6817
 6311
 7174
 4156
 5900
  995
 8054
 3997
 2361
  519
 1098
 6103
 4003
 3105
 1497
 1295
 3431
 1957
 8818
 4705
 4990
  663
 6339
 7583
 9476
 1068
 1727
 8085
 6978
 3459
 3057
 2436
 1944
 2991
 5019
 6086
 6808
 4458
 7112
 1011
 8971
 5839
 3786
 9232
 3632
 6301
 8919
 4823
 1922
 4784
 8414
 9511
 8348
 1326
 7915
 8453
 6416
 7661
 5101
 6334
 8823
 8494
 4931
   96
 1586
 7009
 7886
 2613
 9503
 6614
 2984
 5429
 5038
 6655
 6756
 5305
 9197
 8740
 2872
 4013
 4176
 8178
 4711
 4847
 6623
 9003
 7484
  306
 8606
 5352
 9150
 5393
 6289
 3359
  851
 2411
 7640
 8274
 4658
 9986
 9821
 7541
  347
 7564
 4226
 6731
  187
 2574
 2231
  597
 1954
 2536
 2070
 4367
 7109
 1775
 3169
 7964
 1571
 9862
 1726
 6280
 3101
 2211
 8605
 3258
 4274
 9108
 2904
 5264
  693
 3145
 5496
 5070
 1123
 7814
 5815
 2527
 8292
  462
 3508
 7283
 1333
 1995
 8282
 1428
 2652
 4154
 8531
 5737
 8417
 3551
 2880
 9674
 7317
 3952
 2651
 5908
 1959
 1670
 2111
  616
 7557
 3408
 2566
 3818
 4240
 5050
 2417
  278
 1818
 4910
  889
 5312
 1384
 6216
 6935
 4932
 1179
 5882
 2681
 2369
 4357
 1955
 7733
 2955
 8378
 5437
  504
 6141
 4538
 8252
 2621
 3775
 9271
 3902
 3479
 9096
 7962
 6598
 7361
 3439
 8540
 8680
 8788
 3753
 1100
 4988
 9765
 4330
 1762
 9080
 1266
 3923
  678
 5881
  977
 7029
 6613
 4824
 5915
 4018
 5307
 2541
 9495
 1510
 2914
 4095
 6043
 9269
 9087
 9494
 6079
 5061
  959
 6649
 6134
 5325
 1119
 1170
 8841
  757
 3272
 3737
 9830
 6784
 5735
 8440
 7769
 3037
 3184
 4375
 2443
 9016
 7297
  529
 5079
 7950
 2224
 1278
 2503
 2654
 7333
 3735
 4615
  797
  626
  628
 8029
 9471
 6323
 5080
 9580
 3672
 9378
  615
 9222
 4296
 8801
 8320
 6594
 5616
 7724
 4793
   33
 5533
 2181
  215
 3919
 6683
 7305
 8954
 1257
  930
  864
 8996
 9140
 2694
 4771
 2093
 5537
  115
 5141
 8632
 6713
 8188
 2318
 4317
 1671
 3614
 9176
 7581
 5058
 3229
 7650
 9195
 4509
 6384
 8782
 3476
 6268
 8039
 1219
 1700
 9796
 2019
 8165
 9333
 9076
 6938
 2401
 9875
 2157
 5296
 7759
 5406
 8360
 9633
 1495
 2617
  781
 6443
 9050
 1353
  845
 4820
 4096
 7859
 9819
 8438
  740
 2441
 8914
 8650
 6113
  165
 6510
 2582
 1787
 7589
 3239
 4837
 8999
 8722
  517
 3733
 7520
 5516
 3748
 7461
 2455
 9054
 9934
 9692
 3694
  984
 1484
  412
  289
 7977
 1176
 4587
 9658
 9538
 8185
 3609
 6351
 8091
 5133
 5645
  661
 4653
 2251
 9257
 1063
 4164
 1478
 6644
 1524
 9834
 5773
 5149
 6277
 2642
 5432
  749
 2461
 9547
 7817
 6502
 1355
 7949
 4107
 9451
 1767
 9154
 5779
 8932
   56
 3745
 3999
 5984
 5865
 5198
 2689
 7111
 3118
 3396
 2644
  480
 1833
 4348
  228
 4002
 9327
 1245
 5624
 2048
 9233
 4843
 3419
 8141
 1830
 7223
 1050
 6192
 4693
 9441
 2002
 5590
 8386
 1166
 6726
  667
 1415
 5609
 6496
 7050
 7225
 4993
  584
 4947
 7523
 4829
 5648
 3527
 2274
 3807
 2438
 5662
 6753
 7214
 1072
 5983
 4810
 6867
 2671
 8368
 7167
 5904
 3188
 4505
 1795
 3521
 5524
 9405
 6467
 5444
 7731
 1924
 8565
  238
 3832
 1669
  694
  718
 3804
 1882
 5544
 8595
  239
 6571
 2257
 7160
 4786
 2865
 9524
 2001
 9656
 7339
 9661
 3210
 3491
 9898
 7926
 2104
 9920
 1264
 6328
 4575
 6782
 2420
 6925
 8382
 4441
 6804
 8663
 7795
 5954
 6980
 8525
 1015
  148
 5025
 2035
 4241
 7678
 9399
 9208
 8808
 3058
 6696
 2435
 8717
 7485
 7728
 3212
 8585
 9107
 2876
 2973
 8760
 3709
 7601
 6299
 9521
 6266
 8850
 1446
 5222
 7402
 5907
 6748
 9631
 8570
 9301
 7980
 2115
 9690
 5397
 2076
  899
 7356
 6247
 7574
 9443
 6063
 1183
 6481
 7542
 1523
 6005
 1977
 8918
 8902
 2252
 3905
 2676
 2454
 4467
 8532
 7108
 9040
 1253
 8392
  371
 2462
 6090
 4909
 7315
 8931
 8705
 8048
 1791
 5410
 6408
 2311
 5799
  570
 9860
 5383
 1514
 1915
 8633
 7230
 4833
 4534
 5967
  846
 6049
 6772
 7251
 6158
 3351
 1712
 2934
 8238
 7803
 2632
 4521
 2109
 5683
 6837
 6189
 8924
 1476
 5504
 7491
 9218
  274
 5725
 7328
 5232
 7122
 6097
 7701
 6497
 8998
 1748
 1371
 2688
  399
 9324
 4725
 6065
 5436
 5563
 9929
  157
 3995
 8251
  216
  762
 2923
 3314
 1541
 1039
 6171
 6797
 6570
  463
 3920
 1096
  632
  658
 1405
 8152
 6302
  876
 8512
 6069
 6096
 3093
 4294
 6641
 8195
 4894
 4324
 8321
 9179
 6825
 6074
 9925
 7687
 2193
  743
 4980
 6849
 8277
 3319
 6296
 4170
 8622
 5394
 9026
 6904
 6552
 3498
 5118
 1136
 8614
 8636
 4416
 3398
 5052
 4691
 7536
 2470
 2750
  317
 6780
 2142
 2530
 6647
 3063
 8296
 1566
 9240
 6600
 9575
 9213
 8889
 9318
 8503
 6627
 2713
 2156
 6003
   80
 5059
 3597
 8318
 3082
 1093
 2199
 2386
 9391
 6982
 1365
 7888
 1381
 2421
 2965
 6544
 6957
 2376
 6998
 6240
 2507
 8770
  844
 3303
 2077
  524
 8568
 5821
  748
 1481
 3191
 3165
 7704
 6191
 7799
 8364
 3068
 3155
 3985
 4835
 3436
 6656
 8558
  475
 2220
 6900
 4255
 7193
  435
 6917
 3001
 5166
  891
 8985
 1209
 3237
 6232
 1430
 5514
 8416
 5530
 2604
 5923
 1104
 9996
 4860
 1090
 7993
 4729
  611
 9381
 9192
 1556
  610
 6959
 3991
  783
 6876
 1948
 7105
 7755
 4968
 1376
 5503
 9703
 5227
 2659
 2325
 6072
 5946
 9117
 6136
 7990
 9891
 1097
   39
 7969
 9522
 1596
 5922
 2949
 1150
 3163
 5934
 5003
  508
 1974
 7697
 8485
 6480
  666
 5238
 7138
 4459
 2387
 1186
 1101
  624
 4017
 7073
 4515
 4433
  362
 9615
 4251
 6561
  297
 8569
  368
 6606
 8443
 8212
  202
 8429
 8939
 9345
 6474
 9337
 3812
 4295
 1311
 6402
 5988
  950
  358
 6130
 5710
 4930
 7153
 9496
  154
 6990
  953
 1616
 4617
 5613
 6519
 5449
  933
 8524
 2440
 9591
 3861
 7400
 2223
 7778
  941
 6739
 5981
 7178
 8607
 8126
 6281
 8765
 5068
 6660
 5930
 8460
 5845
 8064
 5147
 3744
 1393
  150
 9126
 2425
 3207
 6412
 2844
 6801
 2377
 1454
 9482
   84
 6703
 6410
 6541
 9215
 3653
 3339
 5270
 9755
 2029
  461
 4082
 8176
 6190
 8714
 7720
 3299
 3497
 1807
  357
 3106
 7304
 7648
 9911
 4372
 6024
 6098
 2481
 1675
 5993
 1916
 6315
 4992
  271
 8891
 6395
 4682
 2049
 7972
 8766
 5211
 8829
 9531
 5252
 4440
 2639
 9724
 8869
 9565
 5015
 9447
 5966
 4119
 3185
 5088
 3261
 3126
 4454
   31
 2043
 5916
 3244
 4111
 2554
 3112
 1935
  109
 6494
 6920
 3610
 1634
 1755
 5793
 9646
  204
 5285
 2412
 4671
  212
 5213
 5357
 3871
 7955
 2768
 8933
 5433
 8207
 3021
 4426
 8209
 3084
  721
 7643
  446
 6200
 4834
 9726
 7967
 7206
 3302
 7045
 8743
 1261
 7322
 1600
 1285
 9406
 7632
  418
 3514
 5792
 1691
 9643
 4942
 2243
 7948
 8335
 5538
  466
  416
 6471
 7455
 7558
 4476
 8962
  548
 2291
 6372
  142
  656
 4180
  883
  260
 5829
 3480
 5757
 2786
 1889
  613
 6878
 6004
 2064
 5849
 5711
 8619
 5899
 2394
 1002
 8220
 9930
  223
 4234
 3246
   74
 2039
 4212
 8092
 6310
 9854
 2097
 3382
 7737
 1646
 8179
 4213
 9231
 4792
 7246
 8888
  916
 7430
 3067
 5457
  836
 1074
 1190
 6307
 6732
  137
 7952
 4965
 8014
 1392
 7751
 7750
 9574
 1377
 3000
 5209
 5487
 4328
  344
 1911
 6391
 1562
 6188
 2166
 8290
 1416
 6590
 7018
 5927
 3148
 4856
 4747
 3620
 9356
 4498
 7186
 8136
 4868
 7011
 3357
 4944
 7268
 1276
 2818
 5122
 4125
 2499
  683
 2877
 9264
  540
 6116
 3257
 9322
 5847
  773
 2761
 5074
 9491
 2650
 1689
 3280
 3096
 5980
 1734
 7981
 2807
 1340
 5094
 3256
 6071
 5918
 5073
  151
 3051
 9776
 4744
 6375
 6422
 4882
 8727
 9392
 5705
 2595
 5324
  778
 8693
 6958
 6411
 4143
 8865
 4419
 2660
 7071
 8664
  363
 7666
 5885
 3402
 6222
 8003
 1109
 1075
 1181
 5835
 4770
 4415
 9964
 6011
 4972
 4136
 7754
 6250
 5000
 1027
 6529
  805
 1066
 9804
 4889
 4085
 2517
 9027
 9260
 1785
 6304
 8901
 5322
 5056
 6905
 8538
 1254
 7422
 2967
 2716
  273
  102
 8894
 1364
 2573
 4055
 9745
 4011
 9532
 9028
 7357
 3929
  300
  719
 9876
 6975
 1491
 8070
 2460
 5321
 6762
 6621
 4598
 4669
 3099
 9670
 1373
 8781
 6861
   22
 4109
 6551
 6873
 2082
 3337
 7506
 6231
  270
 9315
 9323
 6852
 9981
 3695
 5046
 2172
 8058
 3720
 4153
 7281
 8709
 1650
 1867
  483
 9376
 3749
 6148
 5255
 2184
 7907
 1949
 8430
 5553
 9073
 8498
 1217
 1335
  546
 6233
 7617
 8563
 7360
 8674
 3713
 3803
  125
 6380
 3154
 5840
 1065
 9426
 4983
 2132
 6700
 4782
 1721
 6023
 9362
 2585
 8257
 7435
 6611
  477
  155
 2050
 2155
 4383
  129
 1703
  574
 5877
 2916
 8584
 7303
 2055
 7258
 7526
 6487
 5011
 5261
 7539
 5036
 5448
 5468
 4019
 2247
 1351
 4039
 4699
 3159
 3882
 8735
  203
 1346
  503
 8110
 9283
 1099
 5348
 6258
 2309
 6257
 5299
 6705
 5820
 3679
 5002
  323
 2410
  284
  530
 4628
 1021
 7086
 7819
 3417
 7381
 9874
 4410
 9562
 3601
 4753
 7059
 3907
  702
 3131
 1199
  575
  174
 2821
  156
 9416
 7935
 9037
 7078
 9778
 3957
 4360
 4543
 9225
 6363
 1402
 8790
 5973
 6173
  980
 1155
 8986
  161
 4141
 9313
  691
 9700
 4836
 7020
 9281
 6466
 2771
 7433
 7641
 9825
 4569
 4967
 5369
 1599
 8496
 2060
 8229
  653
  875
 6567
   76
 2281
 4631
 1124
 2498
 2589
 2046
 1400
 1993
 1618
  543
 4562
 4344
 9520
 2911
  855
  872
 3232
  398
 2103
 9082
 4126
 3721
 8661
 9395
  671
 9786
  945
 7600
  105
 4116
 4138
 7845
 1001
 6750
 4580
  293
 3945
 9637
 1058
  835
 5784
 6406
 3761
 7134
 6206
 1628
   61
 6926
 9684
 1640
  141
  617
 4482
 8669
 1778
 5758
 5300
 1313
 6948
 4443
 8755
 7033
 6676
 4463
 8651
 4941
 2537
  554
 6639
 2561
  659
 8983
 8313
 6293
 2250
 8634
 7619
 4474
    2
 4184
 5018
  360
 7324
 7000
 7559
 7107
 7975
 1738
 4626
 5039
 2008
 6321
  631
 2290
 6275
  870
 6337
 8156
 2808
 2429
 1843
 5117
 1733
 3853
 1885
 1645
 4546
 1591
 3178
 7896
 2841
 1695
 4986
  648
 4549
 7519
  956
 7266
 9262
 9998
 4602
 2805
 9570
 3088
  266
 3465
 5878
 6292
 7677
 7999
 1251
 4979
 2144
 3935
 5144
  330
  113
 1051
 9772
 5762
 4921
 7350
 9036
 4733
 5665
 4083
 9352
 7579
 9034
  664
 7244
 3983
 7080
 6949
 5571
 7763
  535
 6152
 2213
 6992
 3035
 4293
 5131
 9227
 8150
 6050
 8384
 7042
 3768
 3453
 3445
 1008
 6427
 9861
   71
 9897
 9397
  794
 6127
  594
 1985
 5132
 2932
 3022
 3618
 5017
 1796
 5214
  897
 8376
 1865
 9600
 4219
 5992
 8657
 2957
 8103
 8710
 5008
 2673
 2242
 5591
 4148
  788
 7865
 9473
 5097
 8228
 3621
 6397
 4989
 1540
 7048
 7457
 8094
 2054
 7811
 1561
 9748
  556
 1918
 5831
 2202
 2430
 4220
 9976
 3011
 8990
 6747
 9909
 7123
 6652
 6203
  779
 6092
 5303
 7942
 1055
 9952
 6119
 8391
 3623
 7874
 4741
 6834
 1283
 8140
 1201
 9097
 6453
 8859
 8112
 5955
 3794
 2148
 4249
 5715
  133
 1621
  764
 1435
  119
  257
 4872
 3655
 5670
 5759
 4511
 8798
 8446
 1205
 3369
 1322
 1294
 8646
 9838
 1921
 2225
 4058
 4088
 2448
 5412
 6833
 7835
 1192
 4072
 9794
 4471
 1971
 7494
 9357
 9963
 9758
 4468
 1631
 4401
 2847
 3837
 8845
 3629
 9123
 7467
  608
 9093
 3440
  717
 8187
  638
 3705
 7440
 1714
 5958
 5400
 3926
 8610
 6983
 9470
 1496
 3805
 4258
 3639
 1912
 5657
 5143
 4696
 4086
 8194
 2620
 2208
 1263
 7970
 9872
 8577
 8987
 5173
 7989
 7483
 3547
   15
 9945
 8762
 4830
 3517
 1685
 9506
  331
 7421
  208
 9812
 3908
 8099
  497
 6716
 3381
 8308
 2900
 5626
 3102
 9139
  705
 5543
 3645
  315
 8372
 1372
  153
 6354
 3203
 8715
 9678
 7389
   34
   52
 3774
 4545
 8910
 5855
 6242
 9444
 4472
 1362
 6577
 5960
 2729
 9419
 4962
 4675
 2464
 9363
 1789
 8552
 1693
 1583
 7591
 3030
 3934
 6923
 5926
  325
 6162
  955
 7058
 1203
 8437
 3762
 4806
 7979
 3416
 5617
 2901
 6029
 7125
 1467
 8105
 2483
 9111
 1095
 9601
 8180
 7587
 9970
  354
 9879
 9537
 6795
 2581
 6237
   82
 1439
 6486
 6032
 4895
 5323
 8519
 3724
 6891
 9248
 3529
 1966
 8057
 9245
 1765
 3373
 5199
 5814
 9554
 8119
 7454
 4813
  302
 9775
 6150
 6209
 3928
 7047
 8404
 1367
 4952
 8381
 6884
 2145
 4020
 2197
 7749
 2892
 7270
 7065
 8776
  675
 1697
 7580
 1598
 8734
 5280
 5566
 3164
 5688
 6350
 5474
 8677
 7252
 2025
  627
 4644
   45
 5718
 7546
 1551
  303
 3182
 7880
 8953
 3463
 4698
 7378
 7081
 1873
 2015
 5851
 3311
 5438
 2405
 4579
 7802
 8246
 7139
 4448
 5275
 2669
 1134
 9133
 6791
 6642
 4235
 8551
 4734
 8492
 1208
 9413
 2339
 8960
 6285
 4752
 1758
 9246
 2368
 8936
 5411
 5680
  894
 9519
 1315
 4981
 8578
 8168
 5064
 5586
 1897
 8279
 1773
 8219
 5990
 5428
  938
 2695
  669
 4436
 2797
 4686
 3415
 1802
 4302
 9528
 3755
  516
 6341
 4288
 3900
 1759
 3591
 6773
 8659
 1771
 6051
 8979
 1529
 1236
 3646
 5827
    5
 9853
 1479
 6805
 2968
 3544
 3466
 2321
 9842
 5297
 9435
 1010
 4305
 8726
 3198
 6031
 7117
 2539
 8117
 4803
 7531
 7832
 9545
 6259
 2326
 1513
  806
 9858
 9309
 7337
  453
 3638
 9559
 8959
 5043
 7053
 7376
 1022
 6342
 1185
 5961
 7226
 5424
 1107
 6156
 7500
 4501
 6364
 9571
 6298
   50
 5676
 7131
 2667
 4858
 1083
 4857
 9049
 6972
   18
 6501
 5640
 1892
 4133
 3180
 6907
 2017
 6953
 5153
 5605
 5479
 8035
 5055
 2404
 2334
 2728
 2160
 6549
 1327
 8647
 5127
 9884
 8660
 5463
 5707
 5128
  179
 7256
   51
 1938
 7403
 7488
 7168
 9848
 6357
 9654
 4715
 8640
  314
 4584
 3642
 8672
 4248
 6999
 7937
 7833
 5807
 7930
 2978
  329
 7271
 3924
 6246
 6827
 4865
 7101
 9621
 7094
 4316
 7395
 5570
 6630
 6265
 2486
 9249
 9924
 2931
 3270
 8938
  968
 7450
 7706
 7015
 6584
 2433
 1279
 8323
 9983
 2072
 5564
 2333
 2088
 9685
 8920
 9803
 2601
  406
 4315
 7873
 5842
 6320
 3115
 8799
 4462
 3150
  279
 1988
 6993
 1779
  426
 2107
 8851
 2672
 8844
 1425
 1668
 8683
 1928
 2367
 2925
 8601
 4623
 2700
 5014
 5473
 6914
  756
  201
 1900
 8718
 3110
 6710
 8283
 9810
 1729
 2504
 3432
  287
 6932
 8917
 2086
  427
 7590
  991
 7377
 6159
 8497
 2524
 5854
 2746
 6030
 4312
   92
  951
 4016
  843
 2825
 2850
 8074
 3086
  609
 3342
 1394
  837
 5598
  940
 4242
 5974
 1401
 3940
 2022
 7658
 2615
 1214
 6470
 8208
 4117
 7894
 8864
  258
 4322
 4319
 3754
 3573
 3969
 8445
  139
 8478
 7092
 8076
 6743
 4036
 8367
 7766
 2627
 4050
 4492
 3873
 8342
 6235
 5381
 1216
  728
 1565
  983
 2296
 3033
 8949
 1503
 2516
 5774
 8749
 5716
  996
 3936
 8964
 3747
 1041
 4719
 4369
 9292
 4238
 1502
 4439
 6896
 3989
 6115
 3681
 4648
 5134
 3892
 6712
 6180
 4948
 4557
 1801
 7372
 3484
 5632
 4230
 3401
 5123
 5897
 9182
 9421
 3604
 5787
 5409
 5239
 1357
 2714
 6420
   37
 8489
 7319
 2752
 2612
 2670
  660
 5861
 9618
 7987
 2982
 7746
 9865
  393
  892
 8089
 5249
  621
 1780
 6227
 2619
 9721
 8236
 3715
  755
 8667
 3684
 6908
  107
 9237
 8915
 5139
 9645
 1590
 4934
 7424
 5947
 9916
 7655
  214
 5413
 7797
   87
 1835
 6593
 1256
  411
 9606
 1265
 6340
 9198
 6956
 1453
 9663
 5836
 7133
 9935
 2020
 2790
 8468
 4098
 1794
 4775
 6929
 9432
 8517
 7560
 2175
 6154
 3856
 1694
 8242
 5109
 8861
 7945
 4387
 2735
 1410
 1608
  636
 2883
 4487
 6330
 8339
 5837
 4982
 8053
 5373
  437
 3993
 8362
 3806
 4629
  952
 4582
 5510
 5491
 7684
 4641
 5559
 5863
 1260
 6688
 5649
 7227
  231
 2354
 3592
 8352
  989
 1348
 7469
 7388
 5917
 9508
 2622
  190
 8997
 8867
 1899
 1613
 3901
 5750
 1319
 9790
 7922
 1961
  825
 9457
 6875
 6800
 9105
 9263
 9383
 8227
 6950
 6856
 6580
 4112
 3816
 8129
 2053
 9543
 9241
 3961
 8566
 7561
 8975
  612
 8692
 8774
 6672
 4198
 2265
 1690
 2371
 9045
 9183
  642
 3977
 8022
 2409
  375
 4692
 4327
 4263
 1466
 6965
 4371
 9994
 4940
 5012
 3626
  472
 6653
 2683
 3534
 9993
 6169
 5351
 2396
 5230
 1525
 5268
 7572
 9099
 5940
 5148
  654
 9596
 6776
 7923
 9484
 2494
 9764
 2938
 9534
 5469
 9555
  824
 1735
 7413
 3162
 4425
 3674
 1035
 3044
 7891
 1826
 1029
 9454
 3664
 1662
 4905
  647
 3304
 2171
 2123
 4724
 3732
 2121
 9780
 3509
 3499
 5736
 5405
 8433
 2205
 4844
 4469
 3658
 6207
 2284
 6076
 4761
 5422
 1537
 7076
 5494
 4175
 8629
 3598
 5279
 6095
 8291
 4321
   13
 1531
 9773
  123
   62
 7207
 1698
 4818
 1832
 6248
  586
 5037
 4345
 5404
 6125
 2446
 3269
 2084
 9459
 8730
 9597
 1044
  454
 3984
  807
 3607
  601
 7631
 3052
 9007
  207
 2129
 3586
  557
 7651
 9280
  372
 9708
 6955
 2842
 6349
 6464
 3108
 7958
  802
 9627
  737
 2801
 7965
 9743
 8737
 8576
 3956
 7855
 1094
 7529
  886
 5728
 2509
 4828
 8358
 3066
 2337
 8591
 5723
 8258
  438
 9694
 9386
 9384
 8948
 9188
 2661
 4343
 5196
 4689
 2663
 1007
 5218
 6848
 8298
  429
 1145
 6018
 1527
 1872
 9486
 3739
 5669
 9566
 9713
 3595
 8240
 9095
 8163
 8978
 8241
 2042
 7237
 4479
 6226
  662
 3043
 8893
 7771
   32
 3516
 5314
 7144
 1378
 9523
 7211
 1952
 1684
 6991
 9951
 4701
 2929
 4850
 4928
 4961
  814
 9425
 7349
  607
 3393
   68
 9023
 9085
 6971
 8215
 9988
 4955
 1736
 1167
 2884
 8422
 2432
 6770
 8196
 2475
 2779
 7762
 3866
 4731
 3950
 1898
 2760
 7254
 8201
 5119
 5875
 3703
 4616
 7996
 5210
 2549
 6830
 7809
 8412
  355
 4873
 6927
 5828
 3276
 9043
 7825
 7801
 4566
 5062
 8428
 2147
 1375
 6421
 5928
 4009
 6574
 7738
 5526
 3507
 9316
 7844
 8435
  369
  296
 9746
 5565
 4264
 2120
 5356
 3982
 4643
 7730
 1718
 9434
 3312
 6768
 6558
 6151
 4389
 9061
 1601
 3161
 5573
 4874
 8019
  441
 1946
 9870
 9507
 8451
 7790
 8935
 5458
 7642
 8344
 6270
 9083
 9067
 2969
  163
 8265
 9956
 7184
 2985
 5652
   26
 1118
 8754
 8502
 1397
  512
 9353
 3584
 4736
 5986
 7293
 5663
 2092
 7187
 2687
 4224
 4103
 1031
 5790
 8625
 4531
 4899
  445
 7347
 3403
  909
 3141
 4500
 5170
 9867
 7159
 5599
 8824
 8027
 5970
 8406
 5477
 8597
  356
 5738
 4024
 5582
 9024
 2492
 9334
 8191
 7320
 1269
 8032
  759
 1719
  833
 5806
 7218
 2218
 9160
 8329
 2406
 8533
 8157
  808
 6161
 5816
 3394
 7490
 2183
 6253
 7798
 4434
 9665
 5541
 7196
 6818
 2004
 4332
 3959
 9031
 8346
 8370
 4544
 4392
 3267
 6951
 7014
 3441
 9542
 3071
 4007
 1827
 4883
  922
 5555
 1106
 8702
 9411
 3746
 4308
 4780
 4791
 1168
 3617
 1875
 3769
 8303
 2854
 9831
 4464
 8587
 5896
 5857
 3322
 5454
 6754
 7175
 1611
 6083
 4503
 3130
 5633
 3121
 8613
 2855
  465
 3525
 6535
 2848
 9121
 5545
 7028
  992
  243
 2682
  467
 2860
 1419
 5289
 2439
 1017
 7796
  220
 3471
 4707
 6129
 4038
 7046
 2829
 2953
  816
 6779
 5576
 4084
 7233
 4532
 7439
 2275
 9715
 7088
 2943
 4651
 5602
 5622
  904
  787
 6777
 9793
 8645
 1128
 7748
 8678
 2342
 8509
 5939
 7323
 7741
 6478
 7126
 8259
 8482
 8462
  507
 9978
 3395
  852
 2570
 5091
 6331
 4028
 3039
  635
 2382
 4385
 9634
 8385
  538
 1798
  993
  384
 8304
 1819
 9304
 6851
 8026
 2319
 2138
 3317
 8050
 5346
 2497
 6274
 8184
 5852
 9648
 3921
 8132
 7311
 9132
 6166
 5071
 9973
 7852
 2267
 1369
 3100
 7690
 4754
  587
 8116
   60
 6578
 3789
 1929
 3790
 6080
 5193
 8905
 2775
 6389
 9102
 6689
 7023
 3331
 3557
 9135
 3869
 2485
 4714
 4432
 9881
 9578
  695
 9922
 3139
 1679
 3147
 2560
 1799
 9533
 3897
 3728
 5108
 3798
 2006
 6392
 2428
 8641
 7596
 1486
 4396
 9273
  634
 8604
   58
  670
 2177
 1987
 1642
 4610
 2748
 5534
 6269
 6264
 8285
 8439
 8288
 8120
 1716
 3344
 2890
 8621
 4960
 8593
 7280
 9742
 4356
 6527
 7301
 1433
 7703
 6730
 9497
 3810
 9116
  880
 9412
 6403
 2816
  252
 7282
 5734
 2878
 8068
 4953
 1950
 6489
 8046
 7837
 9702
 5522
 6291
  218
 6915
 2567
 3822
 6511
 6751
 2026
 7100
 9516
 9460
 2565
 2795
 6385
 8332
  352
  140
 6078
 5051
 9056
 3640
 9827
 5893
 7404
  830
 6855
 8909
 1939
 2907
 8090
  117
 2704
 4864
 5364
 4077
 7735
  199
 3867
 6553
 3683
 6444
 2535
 6946
 8411
 8486
  219
 4217
 3965
 9166
 9502
 6685
 3277
 4880
 7060
 9997
  939
 2789
 7527
 6360
 9452
 5801
 8407
 1312
 6790
 8273
 3468
 8520
 8653
 9629
 7870
 6373
  433
  388
 4394
 4445
 7354
 2528
 6954
 3363
 4927
  673
 7705
 6272
 7095
 4122
 9247
 5890
 4646
 4795
 1243
   85
 1047
 9032
 2365
 7152
 3422
 2596
 9199
 7336
 9689
 7689
 7540
 2209
 6442
 3221
 9762
 8097
 2468
 8879
 4313
 4576
 8694
 9581
 9628
 8836
 6807
 1597
 1421
 4817
 4444
 1314
 2774
 6820
  112
 2262
 8011
 5727
 8728
 1620
 4199
 2196
 5838
 8499
   49
 9826
 6785
 9974
 9138
 3231
 5426
 6345
 2484
 5195
 4064
 2526
 7096
 8190
 1374
 9717
 1232
 1711
 8883
 2472
 2057
 6368
 1887
 2823
 5095
 9462
 4768
 7709
 2279
  954
 6879
 5625
 2134
 8696
  820
  417
 3111
 7552
 5679
 7805
 1840
 7867
 8066
 5337
 2005
 3018
 1560
 3637
 7784
 9560
 7752
 6741
  173
  143
 6184
  346
 1841
  269
 8995
 5319
   57
 9266
 6569
  327
 6236
 7129
 3883
 2283
 7104
 6388
 1210
 7534
  370
 3899
 4794
 4672
 7313
 3452
 7062
 1229
 4871
 4131
 1334
  547
 4393
 6836
  714
 8872
 9639
 4066
 6026
 8518
 1395
 8974
 6087
 1901
 6960
  502
 3933
 7001
  731
 2831
 3281
 9859
 2686
 2571
 8192
  299
 8488
 7764
 1465
 2870
 6123
 3488
 8748
 4586
 8795
 8424
 5691
 6312
 3685
 4597
 2106
 7889
 4275
  563
  619
 3017
   86
 5466
  138
 3085
 8093
 1539
 1445
 7628
 9567
 7734
 6665
 5695
 5595
 5286
 7517
 5554
 8838
 8866
 4652
 3031
 2899
 6516
 1149
 5184
 5033
 9814
  225
 9800
 3010
  665
 7212
 1248
 7671
 5201
 6967
 3429
 7220
 2190
 6671
 6871
 2080
 1282
  676
  924
 4193
 8913
 8804
 4266
  813
  650
 2893
 9101
 8956
 7610
  623
  700
 4408
 6531
 4490
 3898
 5271
 1732
 8706
 8077
 1354
 9756
 5577
 2734
 6457
 9837
 5957
 1937
  620
 4838
  377
 8015
 9513
 1637
   36
 8333
 5540
 6646
  865
 6241
 4655
 6677
 3193
 6271
 1332
 9409
 3652
 4160
 6283
 6284
 4585
 7386
 4796
 4206
 2210
 2605
  589
 8349
 4256
 9806
 5785
  294
 8945
 4943
 6740
 8455
 2036
 6618
 6022
 4237
 6176
 4912
 8500
 9727
 3003
 3860
 5083
 2592
 1089
 3179
 6903
 4956
 7604
 9361
 4076
 4188
 7820
 3825
 5481
 9850
 7367
 4923
  422
 1625
 1202
 3199
  868
  834
 7363
 7346
 6601
 9576
 3987
 8899
  839
 4712
 4688
 3090
 4590
 5318
 7205
 8579
 5462
  686
 8882
 7849
 5226
 8264
 9287
  910
 1064
 4466
 3701
 6755
 9064
 5704
  527
  488
 2523
 3576
 5185
 1196
 7097
 6738
 8293
 6469
 3097
 8311
  458
 8690
 2355
 6974
 1025
 8286
  849
 9385
 9165
 3255
 2065
 4533
   75
 9718
 2141
 4717
 3490
 6870
 5450
 8373
 4861
 3486
 7954
 1589
 9781
 9339
 3263
 1874
 6933
 7039
 6387
 1862
 6813
 7115
 7275
 5266
 7478
 4842
 2548
 5075
 1459
 2921
 6548
 5334
 2738
 2149
 1470
 4572
 4067
 8742
 2709
 2095
 6865
  735
 4808
 2871
  900
 2757
 5608
 2478
 2594
  248
 5028
 1846
 3271
 3962
 9175
 1174
 2745
 9311
 2658
 2942
 5722
 7316
 2995
  222
  782
 4203
 6853
 6429
 6448
 9918
 3330
 4377
 4600
 2041
 6893
 2583
 3349
 5873
 1207
 1991
    4
 9667
 1676
 5579
 7359
 6454
 7756
 5542
 5242
 4297
 1894
 3680
 3513
  392
 8648
 2237
 7140
 7398
 3132
 7976
  793
 4670
 6000
 2200
 9137
 7707
 4555
 7249
  588
 5146
 3278
 3843
 8513
 1660
 9770
 2375
 9517
 4565
 8988
  108
  581
 4607
 7914
 2783
 5343
  725
 2307
 5315
 4659
 9317
 1706
 5274
 2075
 6874
 2908
 7016
 3460
 3556
 6197
 8371
 4104
 9035
 7929
 8976
 3911
 3377
 5086
 5342
 8806
 2546
 8665
 6921
 6632
 2496
 8947
  917
 1020
 6555
 7616
 3166
 9863
 5181
 9558
 9712
 9134
 9214
 4647
 7826
 3676
 3635
 5010
 9445
 6356
 8341
 1605
  625
  842
  801
 1797
 9373
 7662
 7853
 7912
 3949
 5768
 2117
 8356
 2692
 7545
 5399
 8747
 6217
 1825
 3266
  251
 2476
 6256
 2146
 7414
 8160
 7533
 4723
 5192
 7646
  804
  896
 8217
 4334
  288
 7625
 6667
 3686
 6379
 8299
 8654
 9414
 7103
 8598
 7474
 4418
 1224
 6765
 4766
 4421
 5788
 5913
 7179
 1842
 8553
 1749
 8033
  499
 3909
 3787
 9901
 3633
 8020
 5910
 8721
 6446
 6324
  308
 1117
 7670
 7924
 2919
 1895
 1774
 8474
 9510
 9436
 9129
 7698
 3511
 9358
 2270
 6068
 7263
 6973
 5547
  974
 8005
 6723
 3567
 7429
 9330
  277
 2815
 5341
  196
 8001
 9226
  591
 5174
 4287
  713
 4068
 3404
  981
  882
 3095
 3722
 6749
 9653
 9968
 3391
 8256
 5194
 8684
 5302
 1829
 2305
 3917
 6682
  605
  573
 9620
 6659
 9733
  706
 5370
  259
 8547
 7284
 8849
 5808
 6059
 3955
 2219
 5385
 4181
 1452
 3247
 5584
 7164
 2598
 5069
 5647
 9766
 4654
 2845
 4190
 7716
 7879
 9904
 1337
 9487
 2195
 5442
 8967
 2980
 3412
 8885
 8245
 9499
 7551
 3784
 1528
 6709
  592
 7675
 9250
 9204
 3442
 4666
 2163
 1130
 9736
 2098
 3734
 4939
 8202
 1417
 3286
 5152
 6122
 9481
 1456
 1414
 3375
 8884
 5169
 4949
 4422
 6850
 2628
 9468
 7562
 7828
 6105
 7772
 7049
 7471
 5103
 4762
 7056
 4958
 9119
 8830
 9306
 5186
 3348
 7683
 6609
 5390
 2971
 6985
  464
 4268
 6338
 7289
 3558
 7654
 8908
 8681
 3290
 7183
 9723
 3158
   48
 8940
 9761
 4283
 8467
 4902
 6815
 2449
 3249
 2606
 7582
  135
 6110
 2544
 6539
 2962
  191
 3678
 1626
 9552
 9272
 4499
 6802
 6194
  198
 5630
 8111
 2395
 3555
 1644
 2248
 8877
 2392
 5732
 9836
 6174
 9158
 1451
  966
 6390
 1000
 6810
  923
 3370
 5273
 5703
 9763
 1702
  689
 2100
 9223
 4460
 2780
 8268
 6370
  887
 2755
 3523
 6329
  742
 1317
 5180
 7037
 3389
 4870
   28
 5021
 1324
 9959
 7723
 3475
 4470
 7132
 3434
 8572
 8237
 5594
 9760
 9577
 5358
 9635
 8567
 4456
 9299
 2239
 3895
  210
 6565
 1932
 4197
 8249
 1304
 8773
 2915
 4299
 1920
 7077
 1790
 9329
 3050
 1380
 8843
  947
 4756
 2372
 4914
 9604
 3189
 3482
 9372
   38
 2456
 1836
 5804
 4177
 2389
  430
 6543
 4114
 5247
 1956
 4919
 7918
 6303
 1475
 6145
 1622
  542
 4449
 8154
 4963
 6100
 3183
 1280
 3040
 4171
 5259
  729
 2873
 7399
 7041
 8315
 1067
 7370
 5628
  405
 5741
 7459
 3151
 1030
 9420
 1082
 7913
 2173
 1233
 9896
 1508
 4751
 2806
 5391
 5164
 6514
 1958
 9782
 4561
 2532
 6757
 6866
 7793
 2981
 6988
   81
  404
 8031
 9583
 7739
 3791
 4822
 2011
 3425
 8128
  932
 7898
 3502
 3795
 7272
 8161
 4665
 4997
 3916
 2191
 7636
 8534
 1968
 5795
 1121
  184
  132
 9089
  264
 4189
 5709
 4182
 2926
 5684
 8523
 4362
 3512
 4764
 4359
 8501
 1329
 4397
 1520
 8589
 3190
 7331
 4971
 6620
 3764
 5087
  233
  850
 3259
 5414
 4309
 8131
 7032
 4917
 1965
 6417
 1303
  106
 4507
 2288
 8827
 9500
 9623
 3080
 2056
 7408
 6734
 3214
 6138
 1612
 6509
 3738
 9422
 2126
 1526
 6077
 7727
 3428
 4908
 6085
 9062
  256
    1
 8173
 9191
 3796
 1299
 8638
 3669
 7621
 9091
 4374
 3922
 7726
 8172
 3168
 1505
 1432
 7030
 4149
 4257
 7822
 2647
 2176
 2522
 4081
 9799
 8421
 6547
 3447
 7128
 6294
 7838
 2769
 8803
 1737
 1133
 1604
  860
 2028
 4093
 8018
 4888
 1969
 2130
 8937
 6102
  195
 9802
 1004
 5163
 5099
 4554
 7332
 3053
 6273
 6941
  888
 5950
 9823
 5557
 8797
 3583
 1972
 8013
 1533
 5886
 8052
 9928
 1980
 9556
  630
 8477
 7663
  205
 1870
 5764
 7512
 8398
  595
  104
 9125
 2913
 4404
 4776
 8171
 2480
 3531
 4594
 5674
 9873
 6940
 7121
 3201
  339
 3550
 4804
 8211
 5708
 8729
 9433
 4025
 3675
  857
 6437
 7961
 8698
 2747
 9048
 9908
 5942
 4063
 5027
 7438