 417
 422
 408
 530
  96
 154
 397
 787
 299
 384
 947
 859
 546
 766
 416
  73
 720
 313
 707
 679
 315
 944
 709
 337
 834
 619
 254
 795
 589
 538
 806
 715
 901
 814
 797
 972
 563
 813
 923
  21
 840
 486
 894
 763
 615
 218
 628
   1
 237
 942
 820
 764
  38
 644
 133
 151
 618
 355
 601
 293
  94
 325
 758
  62
 383
 664
 995
 232
 579
  28
 375
 382
 890
 713
 694
 472
 499
 592
  10
  25
 225
 721
 587
 752
 755
 343
 743
 917
 426
 458
 389
 853
 921
 246
 799
 489
 484
 257
 845
 115
 354
 585
 794
 295
 523
 270
 333
 856
 537
 196
 830
  47
 850
  20
 465
 142
 200
 918
 558
 779
 172
 881
 104
  78
 570
 509
  12
 332
 387
 717
 688
 562
  59
 937
 122
 436
 328
 739
 575
  30
 155
 474
 951
 718
 344
 156
 596
1000
 832
 560
  58
 910
 861
 781
  66
   7
 765
 733
 159
 310
 788
 167
 649
 186
 128
 676
 234
 255
 182
 318
 336
 800
 266
 350
 392
 188
  19
 470
 667
 545
 980
 206
 635
 230
 394
 863
 192
 219
 358
 488
 760
  18
 327
 835
 791
 396
 512
 126
 292
 539
 970
 433
 324
 852
 957
  43
 988
 876
  40
 171
 982
 902
 260
 778
 702
 404
  33
 816
 268
 833
 129
 974
 532
 978
 348
 638
  51
 503
  81
 541
 734
 247
 507
 899
   5
 173
 931
 550
  13
 291
 919
 491
 111
 913
 636
 534
 307
 578
 195
 120
 494
 920
 466
  85
 670
 871
 231
 750
 300
 508
 212
 114
  64
 339
 650
 371
  36
 740
 836
 236
 267
 604
 217
 904
 567
 811
 207
 771
 842
 179
  52
  76
 353
 127
 954
 941
 761
 478
  79
 366
 704
 442
 727
 572
 725
 961
 889
 312
 866
 329
 809
 591
  45
 414
 822
 137
 119
 684
 413
 565
 738
 425
 686
 775
  11
 744
 977
 878
 146
 272
 279
 446
 278
 316
 716
 693
 682
 469
 461
 410
 912
 641
 673
 997
 622
 882
 210
 480
 606
 511
 706
 454
 191
 741
 165
 805
 220
 953
 444
 746
 571
 467
 897
 695
 639
 984
 898
 153
 106
 368
 213
 485
 423
 388
  74
 569
 148
 994
 283
 967
  70
 543
 170
 887
 227
 258
 983
 362
 481
 250
 297
 378
 963
 594
 992
 661
 294
 448
 985
 356
 714
 493
 463
 896
 490
 101
 199
 405
   9
  65
 960
 647
 418
 883
 360
 824
 595
 515
 510
 616
 773
 751
 274
 658
  17
 637
 632
 926
 613
 347
 320
 105
 319
 691
  24
 698
 808
 987
  99
   3
 938
 455
  27
 281
  63
 774
 884
  84
 309
 183
 224
 536
  16
 777
 175
  46
 730
 451
 525
 677
 205
  83
 828
 959
 415
 107
 614
 256
 886
 624
 656
 924
 735
 948
 243
 566
 379
 719
 786
 991
 906
 431
 843
 600
 877
  60
 893
 914
 626
 940
  54
 373
 930
 352
 583
 657
 573
 885
 659
 762
 193
 660
 518
 653
 168
  41
  67
 143
 879
 380
 357
 409
 726
 895
 116
 666
 642
  75
  34
 905
 520
 135
 178
 631
 399
 437
 749
 590
 710
 946
 857
  61
  22
 929
 823
 952
 108
 728
 412
 874
 249
 269
  89
 697
 759
 529
  72
 605
   8
 264
  39
 215
 496
 471
 810
 993
 783
 280
 652
 346
 495
  48
 516
 736
 271
 321
 351
 839
 209
 564
 722
 349
 400
 891
 701
 916
 361
 457
 868
 603
 285
 228
 317
 160
 549
  42
 768
 669
 277
 363
 439
  32
 147
 551
 568
 149
 582
 131
 790
 540
 996
 263
  49
 244
 528
 124
 860
 531
 687
 502
 776
 136
 282
 386
 784
 251
 598
 555
 483
 696
 435
 479
 705
 298
 654
 123
 873
 837
 140
 872
 345
 678
 621
 233
 769
 588
 607
 424
 998
 559
 665
 370
 955
 117
  80
 238
 767
  55
 553
 102
 945
 586
 599
 226
 979
 971
 915
 323
 517
 989
 627
 724
 662
 700
 922
 634
 780
 421
 812
 756
 640
 680
 204
 138
 449
 152
 554
 519
 976
 712
 602
 189
 473
 612
 121
 757
 372
 453
 304
 118
 145
 723
 477
 306
 620
 611
 854
 623
 753
 561
  57
 683
 875
  82
 401
 825
 802
 438
 500
 393
 169
 633
 855
  31
 685
 265
 187
 308
 338
 113
 521
 273
 391
 593
 692
 284
 804
   4
  14
 456
 803
 732
 862
 447
 608
  29
 969
 801
  26
 939
 365
 440
 185
 747
 745
 164
 403
 311
 975
 202
 428
 522
 880
 925
 475
   6
 557
 364
 242
 162
 645
 302
 134
 672
 322
 827
 176
 968
 798
  44
  93
  56
 821
 869
 973
 241
 163
 689
 434
 584
 103
 643
 690
 547
 216
  97
 385
 240
 847
 542
 848
 888
 962
 130
 374
 932
  23
 909
 341
 184
 782
 609
 928
  90
 359
 429
 506
 933
 109
 214
 296
 395
 846
 748
 544
 986
 526
 177
 858
 459
 381
 625
 222
 181
 646
 671
 556
 132
 331
 501
 211
 817
 819
 261
 112
 864
 198
 287
 936
 174
 150
 731
 194
 498
 334
 390
 314
 419
 190
 785
 870
 708
 223
 737
 326
 253
 610
 201
  86
 965
 369
 445
 208
 460
 301
 262
 180
 651
 505
 699
 796
 576
 290
 166
  95
  88
  91
 903
 158
 958
 663
 580
 838
 157
 276
 999
 535
 100
 981
 275
 340
 407
 259
 935
 793
 629
 406
 772
 229
 443
 742
 427
 908
 990
 248
 464
  87
  71
 711
 577
 675
 949
 668
  69
 818
 342
 513
 476
  37
 754
 831
 789
 462
 376
 197
 648
 497
 398
 581
 655
 221
  77
 235
 468
 239
 252
 203
 533
   2
 943
 865
 892
 807
 430
 934
 574
 335
 527
 289
 288
 504
 849
 867
 826
  92
 450
 841
 729
  35
 617
 432
 792
 927
 141
 377
 452
 597
 552
 829
 492
 367
 956
 286
 125
 548
 911
 161
 681
 900
 330
 303
 441
 815
 139
 420
 950
 844
 514
 674
 770
 144
 964
 907
 966
 411
 110
 305
  98
 703
 851
 245
  68
  50
 482
 524
 630
  15
  53
 487
 402